0.1622207234444755 -> (1.0,0.0)
0.14145529657405603 -> (1.0,0.0)
0.11836601066693506 -> (1.0,0.0)
0.4847172810521524 -> (0.0,1.0)
0.41027325394227754 -> (0.0,1.0)
0.313335162026559 -> (0.0,1.0)
0.3127603315874876 -> (1.0,0.0)
0.27378231366193484 -> (0.0,1.0)
0.18182380089160777 -> (0.0,1.0)
0.227535192976443 -> (0.0,1.0)
0.5361726224280745 -> (1.0,0.0)
0.14499566605293787 -> (0.0,1.0)
0.13712268148972656 -> (0.0,1.0)
0.11924571124638406 -> (0.0,1.0)
0.05272524403304113 -> (0.0,1.0)
0.4537204005339105 -> (1.0,0.0)
0.1053786345027918 -> (0.0,1.0)
0.06477579658975643 -> (0.0,1.0)
0.09092405780522848 -> (0.0,1.0)
0.036547946286627914 -> (0.0,1.0)
0.4671139235282504 -> (1.0,0.0)
0.08262495772468591 -> (0.0,1.0)
0.09769678757856379 -> (0.0,1.0)
0.44923385128449683 -> (1.0,0.0)
0.09502351874060917 -> (0.0,1.0)
0.060257380968023105 -> (0.0,1.0)
0.037022717409130004 -> (0.0,1.0)
0.021148116436261355 -> (0.0,1.0)
0.04325635220976822 -> (0.0,1.0)
0.015399899428927883 -> (0.0,1.0)
0.42959577450926 -> (1.0,0.0)
0.4450138057506572 -> (1.0,0.0)
0.5792973443850153 -> (1.0,0.0)
0.40362060937656286 -> (1.0,0.0)
0.13481373543789865 -> (0.0,1.0)
0.5031243276141572 -> (1.0,0.0)
0.18954867582500817 -> (0.0,1.0)
0.13531863425149526 -> (0.0,1.0)
0.5107005974401165 -> (1.0,0.0)
0.20235020441514878 -> (0.0,1.0)
0.20231435891249755 -> (1.0,0.0)
0.23013299295845735 -> (1.0,0.0)
0.3128329513833901 -> (1.0,0.0)
0.15044978133072434 -> (1.0,0.0)
0.29997855727649575 -> (0.0,1.0)
0.2096370425643959 -> (0.0,1.0)
0.15168304207510414 -> (1.0,0.0)
0.14334560572838567 -> (0.0,1.0)
0.09671189300317397 -> (0.0,1.0)
0.25428222037673054 -> (0.0,1.0)
0.5177226361876895 -> (1.0,0.0)
0.373943472415036 -> (1.0,0.0)
0.21254604430103508 -> (0.0,1.0)
0.15512283576561411 -> (0.0,1.0)
0.061509608080604725 -> (0.0,1.0)
0.3997451077696631 -> (1.0,0.0)
0.09099335025345874 -> (0.0,1.0)
0.648213185800326 -> (1.0,0.0)
0.5115517060997741 -> (1.0,0.0)
0.24897737133612546 -> (0.0,1.0)
0.33850387534745224 -> (0.0,1.0)
0.3341473158953981 -> (0.0,1.0)
0.6135370484591047 -> (1.0,0.0)
0.2642713124963982 -> (0.0,1.0)
0.10958500647471772 -> (0.0,1.0)
0.09273629546187509 -> (0.0,1.0)
0.125691265065207 -> (0.0,1.0)
0.7093759031115694 -> (1.0,0.0)
0.07960700698870948 -> (0.0,1.0)
0.6553756595148399 -> (1.0,0.0)
0.45734561464552714 -> (1.0,0.0)
0.24008603421988173 -> (0.0,1.0)
0.32628088544287126 -> (1.0,0.0)
0.316500872473336 -> (1.0,0.0)
0.3395294187505748 -> (0.0,1.0)
0.34044323320658215 -> (0.0,1.0)
0.18615970053675546 -> (0.0,1.0)
0.3327329208557359 -> (1.0,0.0)
0.19917419675284526 -> (1.0,0.0)
0.24147765994989 -> (0.0,1.0)
0.37129963072749383 -> (1.0,0.0)
0.308373453964793 -> (1.0,0.0)
0.34690385440339083 -> (0.0,1.0)
0.25875627803078716 -> (0.0,1.0)
0.19622884682122094 -> (0.0,1.0)
0.5221953659752436 -> (1.0,0.0)
0.19801939374294508 -> (1.0,0.0)
0.30003580591401785 -> (0.0,1.0)
0.1637418624556295 -> (0.0,1.0)
0.2008740249399081 -> (1.0,0.0)
0.1452082492403127 -> (0.0,1.0)
0.2032238215662063 -> (0.0,1.0)
0.14462295414966425 -> (0.0,1.0)
0.04761687175581629 -> (0.0,1.0)
0.6126808325162083 -> (1.0,0.0)
0.5733974105711569 -> (1.0,0.0)
0.5256981271595892 -> (1.0,0.0)
0.18849369475000916 -> (0.0,1.0)
0.16862767291806752 -> (0.0,1.0)
0.18105155804481973 -> (0.0,1.0)
0.49256240073252544 -> (1.0,0.0)
0.2298236311460209 -> (1.0,0.0)
0.15026223303978173 -> (0.0,1.0)
0.18971325699294905 -> (0.0,1.0)
0.1626722592372417 -> (0.0,1.0)
0.04673125215471419 -> (0.0,1.0)
0.039710079460846925 -> (0.0,1.0)
0.03221487972784537 -> (0.0,1.0)
0.09646539265370119 -> (0.0,1.0)
0.3591684540508798 -> (1.0,0.0)
0.04810264903768459 -> (0.0,1.0)
0.09816366581346514 -> (0.0,1.0)
0.6873254867056056 -> (1.0,0.0)
0.060258703135639066 -> (0.0,1.0)
0.036074562999830584 -> (0.0,1.0)
0.0874671524595313 -> (0.0,1.0)
0.019626865331714406 -> (0.0,1.0)
0.8161048452684097 -> (1.0,0.0)
0.322926676050336 -> (1.0,0.0)
0.6975327191381775 -> (1.0,0.0)
0.4588964288653571 -> (1.0,0.0)
0.15099845125540046 -> (0.0,1.0)
0.2742390683033674 -> (1.0,0.0)
0.1582842119808288 -> (0.0,1.0)
0.22775957664029972 -> (1.0,0.0)
0.12707220299444744 -> (0.0,1.0)
0.10372711275904314 -> (0.0,1.0)
0.08699583574857123 -> (0.0,1.0)
0.06548157047478151 -> (0.0,1.0)
0.18569308291980458 -> (0.0,1.0)
0.0865177005509917 -> (0.0,1.0)
0.022601563565798982 -> (0.0,1.0)
0.7958502256042688 -> (1.0,0.0)
0.34141511041097805 -> (1.0,0.0)
0.031225311466013202 -> (0.0,1.0)
0.2047631544658332 -> (1.0,0.0)
0.6658504355238037 -> (1.0,0.0)
0.12052243314655155 -> (0.0,1.0)
0.10512520841514955 -> (0.0,1.0)
0.6578663400446529 -> (1.0,0.0)
0.5618004756093941 -> (1.0,0.0)
0.31481218782632975 -> (1.0,0.0)
0.3143360106711134 -> (0.0,1.0)
0.29730360716149584 -> (1.0,0.0)
0.2996852703294657 -> (0.0,1.0)
0.36283200041239005 -> (0.0,1.0)
0.3013418613778017 -> (1.0,0.0)
0.22648290819447325 -> (1.0,0.0)
0.3185186871118581 -> (0.0,1.0)
0.38154257646363293 -> (0.0,1.0)
0.16017728380120316 -> (0.0,1.0)
0.1271892326282083 -> (0.0,1.0)
0.15585349921963965 -> (0.0,1.0)
0.11536835484565862 -> (0.0,1.0)
0.3030930608834037 -> (1.0,0.0)
0.12827641334005663 -> (0.0,1.0)
0.04638613355394572 -> (0.0,1.0)
0.6191841884938908 -> (1.0,0.0)
0.2509874266030569 -> (1.0,0.0)
0.6284085538734919 -> (1.0,0.0)
0.17215162704402176 -> (0.0,1.0)
0.43851008060982877 -> (1.0,0.0)
0.334598834441921 -> (1.0,0.0)
0.3049320828542208 -> (0.0,1.0)
0.35218665735705335 -> (0.0,1.0)
0.405487841141407 -> (1.0,0.0)
0.31447586438622055 -> (0.0,1.0)
0.15414536128462403 -> (1.0,0.0)
0.2528260193332162 -> (0.0,1.0)
0.2116118619649594 -> (0.0,1.0)
0.4867982754781106 -> (1.0,0.0)
0.14503030347672224 -> (0.0,1.0)
0.18641521867254207 -> (0.0,1.0)
0.24799276652739172 -> (0.0,1.0)
0.10547234197547675 -> (0.0,1.0)
0.06962229556028954 -> (0.0,1.0)
0.6609711113911609 -> (1.0,0.0)
0.06657265513443753 -> (0.0,1.0)
0.5258193137030176 -> (1.0,0.0)
0.0832257442477444 -> (0.0,1.0)
0.15795037844704574 -> (0.0,1.0)
0.5555239167948993 -> (1.0,0.0)
0.5651750750510365 -> (1.0,0.0)
0.14847307956079364 -> (0.0,1.0)
0.21601603268426756 -> (0.0,1.0)
0.405933267746868 -> (1.0,0.0)
0.21822254499394717 -> (0.0,1.0)
0.14013517794024147 -> (0.0,1.0)
0.3567178661180067 -> (1.0,0.0)
0.21514159747214107 -> (0.0,1.0)
0.07323294790249549 -> (0.0,1.0)
0.30858582453433736 -> (1.0,0.0)
0.0922576058965342 -> (0.0,1.0)
0.13033956346710515 -> (0.0,1.0)
0.3497539770700696 -> (1.0,0.0)
0.5871984754454516 -> (1.0,0.0)
0.14821376911351955 -> (0.0,1.0)
0.4807921315174606 -> (1.0,0.0)
0.21276066832230262 -> (0.0,1.0)
0.13840379765604405 -> (0.0,1.0)
0.49776392250459667 -> (1.0,0.0)
0.21503088246006807 -> (0.0,1.0)
0.4019195696178778 -> (1.0,0.0)
0.3343017654311645 -> (1.0,0.0)
0.33380448976309585 -> (0.0,1.0)
0.31306284877701696 -> (0.0,1.0)
0.183842308060915 -> (0.0,1.0)
0.17506899930095882 -> (0.0,1.0)
0.36421058899413566 -> (1.0,0.0)
0.4943048511284484 -> (1.0,0.0)
0.20417897474142965 -> (0.0,1.0)
0.2334929533190495 -> (1.0,0.0)
0.36858543938218824 -> (1.0,0.0)
0.29175311128421133 -> (0.0,1.0)
0.2619743320650402 -> (0.0,1.0)
0.1793122155068529 -> (0.0,1.0)
0.15925561105089597 -> (0.0,1.0)
0.059231727911170845 -> (0.0,1.0)
0.04493739808884084 -> (0.0,1.0)
0.03286801815371111 -> (0.0,1.0)
0.08060298405278582 -> (0.0,1.0)
0.04813840358471866 -> (0.0,1.0)
0.04890279489000466 -> (0.0,1.0)
0.47533578947581046 -> (1.0,0.0)
0.09319173741646491 -> (0.0,1.0)
0.058347171525632346 -> (0.0,1.0)
0.02131326997548582 -> (0.0,1.0)
0.025961129756746557 -> (0.0,1.0)
0.8070616703732254 -> (1.0,0.0)
0.027463462589844702 -> (0.0,1.0)
0.04964979133665709 -> (0.0,1.0)
0.03127093215984485 -> (0.0,1.0)
0.4471063214939856 -> (1.0,0.0)
0.7501164869113799 -> (1.0,0.0)
0.1410598205508925 -> (0.0,1.0)
0.0916162796628335 -> (0.0,1.0)
0.7249435638185768 -> (1.0,0.0)
0.1778497117393715 -> (0.0,1.0)
0.6368157407717914 -> (1.0,0.0)
0.3847884753831523 -> (1.0,0.0)
0.18033052804023764 -> (0.0,1.0)
0.4963567818914749 -> (1.0,0.0)
0.1781324208058284 -> (0.0,1.0)
0.41313705012550944 -> (1.0,0.0)
0.20929911294331796 -> (0.0,1.0)
0.3339022249454972 -> (1.0,0.0)
0.24164630030151119 -> (0.0,1.0)
0.23026441388029445 -> (0.0,1.0)
0.12081540839207908 -> (0.0,1.0)
0.3280323060776983 -> (1.0,0.0)
0.1904981499762063 -> (0.0,1.0)
0.2912171717490436 -> (1.0,0.0)
0.10544870372057055 -> (0.0,1.0)
0.1607348861837986 -> (0.0,1.0)
0.5526969987536785 -> (1.0,0.0)
0.29321725939017107 -> (1.0,0.0)
0.33696612994817376 -> (1.0,0.0)
0.2257029148250842 -> (0.0,1.0)
0.19210002859175493 -> (0.0,1.0)
0.36913254069997337 -> (1.0,0.0)
0.2706911928392887 -> (1.0,0.0)
0.2741650162479067 -> (1.0,0.0)
0.15073019197137116 -> (1.0,0.0)
0.4559995593685584 -> (0.0,1.0)
0.47431900219846956 -> (0.0,1.0)
0.34427477105921983 -> (0.0,1.0)
0.2718292883945813 -> (0.0,1.0)
0.19010806767967212 -> (0.0,1.0)
0.12496905178977799 -> (0.0,1.0)
0.5764887098088441 -> (1.0,0.0)
0.10370127825481845 -> (0.0,1.0)
0.4453907416546259 -> (1.0,0.0)
0.35959643286172227 -> (1.0,0.0)
0.2739903789619119 -> (0.0,1.0)
0.24877539639120214 -> (1.0,0.0)
0.1935548458671435 -> (1.0,0.0)
0.13889334132834127 -> (1.0,0.0)
0.4396039523131677 -> (0.0,1.0)
0.10996690669265494 -> (1.0,0.0)
0.1347574221684748 -> (1.0,0.0)
0.11264051060706842 -> (1.0,0.0)
0.4671934678579585 -> (0.0,1.0)
0.4288108371719608 -> (0.0,1.0)
0.1192988915025379 -> (1.0,0.0)
0.37912552225095797 -> (0.0,1.0)
0.29152552665329584 -> (0.0,1.0)
0.19641697273858477 -> (1.0,0.0)
0.27171590935992884 -> (0.0,1.0)
0.26455519846071207 -> (0.0,1.0)
0.16926923321148252 -> (0.0,1.0)
0.07790016486195916 -> (0.0,1.0)
0.09463262425373466 -> (0.0,1.0)
0.07046844152518383 -> (0.0,1.0)
0.050446019013633714 -> (0.0,1.0)
0.02834938023271477 -> (0.0,1.0)
0.07740032119631149 -> (0.0,1.0)
0.02675967472921755 -> (0.0,1.0)
0.03524509000232312 -> (0.0,1.0)
0.8241158618914686 -> (1.0,0.0)
0.06769484956218734 -> (0.0,1.0)
0.026431748025433594 -> (0.0,1.0)
0.5359862451683464 -> (1.0,0.0)
0.6035296979261495 -> (1.0,0.0)
0.049017689672675266 -> (0.0,1.0)
0.07491347339193874 -> (0.0,1.0)
0.03251475381795495 -> (0.0,1.0)
0.034994736297209755 -> (0.0,1.0)
0.0777999009161435 -> (0.0,1.0)
0.04789845483235067 -> (0.0,1.0)
0.034603445773122535 -> (0.0,1.0)
0.6302131655908317 -> (1.0,0.0)
0.028452702852060474 -> (0.0,1.0)
0.6672212528999998 -> (1.0,0.0)
0.583973579478537 -> (1.0,0.0)
